t_ABMEP: 4.852308e-03 4.560762e-03 4.618746e-03 4.651782e-03 4.675773e-03 4.701536e-03 4.720342e-03 4.738987e-03 4.749285e-03 
t_3P3B 5.738310e-03 5.223134e-03 5.281872e-03 5.332501e-03 5.375135e-03 5.404396e-03 5.423063e-03 5.453947e-03 5.478710e-03 
t_beacon: 5.822683e-03 5.538512e-03 5.620970e-03 5.711467e-03 5.796249e-03 5.901190e-03 5.975979e-03 6.075256e-03 6.144282e-03 
