maxhop_ABMEP: 1.491091e+01 1.358838e+01 1.341156e+01 1.331869e+01 1.324886e+01 1.320431e+01 1.316174e+01 1.313252e+01 1.309058e+01 
maxhop_3P3B 1.509820e+01 1.363828e+01 1.353792e+01 1.347032e+01 1.343727e+01 1.338204e+01 1.333424e+01 1.329501e+01 1.329872e+01 
maxhop_beacon: 1.611931e+01 1.484584e+01 1.467110e+01 1.471355e+01 1.470155e+01 1.472041e+01 1.476138e+01 1.478538e+01 1.482418e+01 
