PDR_ABMEP: 9.990000e-01 9.985000e-01 9.950000e-01 9.900000e-01 9.865000e-01 9.740000e-01 9.645000e-01 9.470000e-01 9.550000e-01 
PDR_3P3B 1.000000e+00 9.980000e-01 9.955000e-01 9.855000e-01 9.685000e-01 9.410000e-01 9.170000e-01 8.915000e-01 8.620000e-01 
PDR_beacon: 9.940000e-01 9.860000e-01 9.775000e-01 9.705000e-01 9.710000e-01 9.680000e-01 9.555000e-01 9.575000e-01 9.470000e-01 
